AGA    -116.4011   33.6384    0.8090
ALCY   -116.4686   33.5074    1.7560
ARB    -117.6054   34.0043    0.2217
ASBS   -116.4664   33.6208    1.4000
AZU    -117.9012   34.2198    1.1400
B081   -116.7142   33.7112    1.4670
B082   -116.5960   33.5982    1.3748
B082A  -116.5960   33.5982    1.3748
B084   -116.4564   33.6116    1.2710
B086   -116.5310   33.5575    1.3920
B086A  -116.5310   33.5575    1.3920
B087   -116.6027   33.4955    1.1390
B088   -116.6205   33.3749    1.4039
B088A  -116.6205   33.3749    1.4039
B093   -116.7641   33.5937    1.2296
B946   -116.5925   33.5373    1.4290
BAC    -117.0406   33.6122    0.5510
BALD   -116.7416   33.6811    1.5700
BAR    -116.6722   32.6801    0.5290
BB01   -116.7958   33.6687    1.1730
BB02   -116.7954   33.6690    1.1670
BB03   -116.7953   33.6691    1.1650
BB04   -116.7951   33.6693    1.1650
BB05   -116.7948   33.6695    1.1690
BB06   -116.7946   33.6697    1.1770
BB07   -116.7946   33.6700    1.1800
BBB    -115.7332   33.3526   -0.0960
BBR    -116.9207   34.2623    2.0690
BBS    -116.9806   33.9214    0.7850
BC3    -115.4537   33.6551    1.1370
BCC    -117.2612   33.5751    0.3910
BCCC   -116.8107   33.6469    0.8490
BEL    -115.9982   34.0006    1.3880
BFS    -117.6585   34.2388    1.3120
BLA    -116.3890   34.0695    1.2430
BLA2   -116.3899   34.0693    1.2470
BOM    -115.7296   33.3646   -0.0540
BOR    -116.4172   33.2682    0.2520
BPH01  -116.4555   33.6110    1.2920
BPH02  -116.4550   33.6106    1.2890
BPH03  -116.4555   33.6102    1.2850
BPH04  -116.4560   33.6106    1.2870
BPH05  -116.4552   33.6125    1.3020
BPH06  -116.4525   33.6105    1.2940
BPH07  -116.4553   33.6081    1.2750
BPH08  -116.4579   33.6106    1.3000
BPH09  -116.4599   33.6126    1.2950
BPH10  -116.4520   33.6125    1.3000
BPH11  -116.4519   33.6055    1.3000
BPH12  -116.4600   33.6056    1.2510
BPH13  -116.4600   33.6092    1.3000
BR2    -115.5494   32.9790   -0.0670
BRA    -115.5494   32.9790   -0.0670
BRE    -117.9812   33.8078    0.0240
BRNE1  -116.4673   33.5081    0.6680
BRNE2  -116.4672   33.5082    0.6680
BRNE3  -116.4671   33.5085    0.6680
BRNE4  -116.4670   33.5086    0.6680
BRNE5  -116.4667   33.5090    0.6680
BRNE6  -116.4662   33.5094    0.6680
BRS    -116.9126   33.9714    1.0750
BRST0  -116.4675   33.5079    0.6670
BRSW1  -116.4677   33.5078    0.6690
BRSW2  -116.4679   33.5076    0.6740
BRSW3  -116.4682   33.5076    0.6840
BRSW4  -116.4684   33.5075    0.6780
BRSW5  -116.4688   33.5073    0.6880
BSAP   -116.3223   33.2602    0.1600
BVDA   -116.3669   33.3268    0.2270
BVDA1  -116.3670   33.3267    0.2270
BVDA2  -116.3669   33.3268    0.2270
BZN    -116.6670   33.4915    1.3010
CAC    -118.1220   34.1368    0.2300
CAP    -117.1950   33.3882    0.2850
CBC    -118.1275   34.1401    0.2390
CCNE1  -116.4481   33.3990    0.6270
CCNE2  -116.4480   33.3993    0.6360
CCNE3  -116.4479   33.3995    0.6420
CCNE4  -116.4477   33.3997    0.6510
CCR    -116.9409   34.3608    1.3830
CCST0  -116.4482   33.3988    0.6230
CCSW1  -116.4483   33.3986    0.6210
CCSW2  -116.4484   33.3984    0.6240
CCSW3  -116.4486   33.3980    0.6330
CCSW4  -116.4487   33.3970    0.6330
CCSW5  -116.4488   33.3979    0.6340
CCSW6  -116.4490   33.3976    0.6360
CCSW7  -116.4491   33.3973    0.6360
CFL    -118.0239   34.3330    1.5600
CFS    -117.2829   34.1054    0.3120
CHF    -118.0259   34.3334    1.5940
CHN    -117.6804   33.9988    0.2080
CJM    -117.4245   34.2712    1.6160
CJV2   -118.1445   34.5298    1.2960
CLM    -117.7230   34.0961    0.3170
CLNE1  -116.3931   33.4195    0.6680
CLNE2  -116.3930   33.4196    0.6680
CLNE3  -116.3928   33.4198    0.6680
CLNE4  -116.3926   33.4200    0.6680
CLNE5  -116.3924   33.4202    0.6680
CLNE6  -116.3921   33.4205    0.6680
CLST0  -116.3933   33.4193    0.6670
CLSW1  -116.3935   33.4191    0.6690
CLSW2  -116.3936   33.4189    0.6740
CLSW3  -116.3938   33.4188    0.6840
CLSW4  -116.3940   33.4186    0.6780
CLSW5  -116.3943   33.4183    0.6880
CLT    -117.3169   34.0928    0.3250
COON   -115.9509   32.7539    0.0780
CPE    -117.1051   32.8889    0.1500
CPP    -117.8090   34.0602    0.2050
CRN    -117.5611   33.8757    0.2048
CRON   -116.4597   33.6118    1.2680
CRP    -118.1270   34.1362    0.2330
CRR    -115.9692   32.8868    0.0660
CRY    -116.7373   33.5654    1.1280
CSLB   -118.1123   33.7799    0.0170
CTC    -115.9901   33.6552    0.5380
CTW    -115.8721   33.6773    0.5040
DEV    -116.5779   33.9360    0.3370
DGR    -117.0095   33.6500    0.6500
DLA    -118.0962   33.8482    0.0140
DNR    -116.6306   33.5667    1.2740
DPP    -116.9419   32.9989    0.4630
DRC    -115.4465   32.8054   -0.0150
DRE    -115.4468   32.8053   -0.0130
DSN    -118.1274   34.1361    0.2310
DVT    -116.1006   32.6591    0.8810
DW01   -116.4712   33.4645    1.0850
DW02   -116.4711   33.4648    1.0870
DW03   -116.4709   33.4651    1.0910
DW04   -116.4707   33.4653    1.0930
DW05   -116.4707   33.4656    1.0960
DW06   -116.4702   33.4667    1.1070
DW07   -116.4700   33.4669    1.1090
DW08   -116.4699   33.4672    1.1120
DW09   -116.4696   33.4674    1.1160
DW10   -116.4694   33.4677    1.1220
DW11   -116.4706   33.4660    1.0880
DW12   -116.4703   33.4664    1.0910
DWRPT  -116.4776   33.4607    1.2800
ELC    -115.5356   32.7814   -0.0410
ELKS   -116.4496   33.5813    1.1690
ELS2   -117.4260   33.6491    0.8440
EML    -116.8457   32.8908    0.1610
ERR    -115.8227   33.1168   -0.0560
EW2    -116.4084   33.9406    0.6390
EWC    -116.3822   33.9372    0.4660
FHO    -116.9359   34.0936    1.6140
FLV    -117.0619   32.9114    0.2980
FLV2   -117.0619   32.9114    0.2780
FON    -117.4388   34.0996    0.3888
FOST   -116.7267   33.7589    1.7940
FRD    -116.6022   33.4947    1.1640
FSE    -116.5926   33.0057    1.7080
FUL    -117.9225   33.8717    0.0510
GARR   -116.6708   33.5918    1.4420
GLAC   -116.4781   33.6014    1.1690
GMA    -116.3826   34.2915    0.8480
GOR    -117.2292   33.1537    0.1380
GSA    -118.1283   34.1368    0.2340
GVA01  -116.6730   33.6688    1.3410
GVA02  -116.6730   33.6688    1.3410
GVA03  -116.6730   33.6688    1.3410
GVA04  -116.6730   33.6688    1.3410
GVA05  -116.6730   33.6688    1.3410
GVA06  -116.6730   33.6688    1.3410
GVA07  -116.6730   33.6688    1.3410
GVA08  -116.6730   33.6688    1.3410
GVAR1  -116.7066   33.6663    1.3280
GVDA   -116.6730   33.6688    1.3410
GVR    -118.1200   34.0497    0.1410
HAY    -115.6389   33.7073    0.4580
HLN    -117.2190   34.1213    0.3589
HMT2   -117.0015   33.7081    0.5930
HOL    -117.8454   34.4583    1.2670
HSSP   -116.6641   33.5847    1.3880
HWB    -116.9596   33.0262    0.4780
IBP    -116.0929   32.6611    0.8790
IDO    -116.2215   33.7968    0.4690
IKP    -116.1095   32.6501    0.9060
IMP    -115.5607   32.9015   -0.0270
IPT    -117.2850   34.1970    0.9430
IWR    -116.7676   33.7294    1.4640
JCS    -116.5959   33.0859    1.2640
JEM    -116.5975   33.0810    1.3080
JF00   -116.4023   33.4233    0.6600
JFN1   -116.4020   33.4236    0.6570
JFN2   -116.4018   33.4237    0.6590
JFN3   -116.4016   33.4239    0.6610
JFN4   -116.4009   33.4246    0.6670
JFS1   -116.4025   33.4232    0.6630
JFS2   -116.4026   33.4231    0.6600
JFS3   -116.4028   33.4229    0.6570
JFS4   -116.4038   33.4223    0.6590
JNH2   -117.9554   34.4489    1.3050
JOHN   -116.4597   33.6118    1.2680
JORD   -116.6450   33.4722    1.2350
JOSE   -116.4597   33.6118    1.2680
JVA    -116.6127   34.3662    0.9040
KIK    -118.1016   34.1504    0.2372
KLCI   -116.8859   33.7119    0.6460
KML    -117.8791   33.5974    0.0090
KNW    -116.7119   33.7141    1.5070
KYV    -116.1734   33.9254    1.4982
LBW1   -118.0884   33.7980   -0.0163
LBW2   -118.0884   33.7980   -0.0163
LGB    -118.1492   33.9753    0.0420
LKH    -116.7588   33.2360    0.8470
LLS    -117.9430   33.6845    0.0080
LMS    -117.4450   33.8174    0.4430
LPC    -117.5464   34.3148    1.3510
LRR2   -118.0300   34.5271    0.9060
LTR    -117.9903   34.5211    0.8550
LUC2   -116.9642   34.4564    0.8860
LUG    -117.3668   34.3656    1.1400
LVA    -116.5702   33.3492    1.4350
LVA2   -116.5615   33.3516    1.4350
MCT    -116.0407   34.2264    0.6610
MGD    -116.7606   33.1888    1.3000
MGE    -116.3687   33.8184    0.0680
MIK    -118.1260   34.1369    0.2750
MLS    -117.5616   34.0046    0.2300
MONP   -116.4225   32.8927    1.9200
MONP2  -116.4223   32.8920    1.8750
MSC    -116.6479   34.0385    0.9380
MSJ    -116.9679   33.8080    0.4660
MTG    -116.6473   33.1992    1.0920
MTRP   -117.0567   32.8203    0.2007
MUR    -117.1954   33.6000    0.5620
MWC    -118.0583   34.2236    1.7250
NSS    -115.9465   33.5561   -0.0160
NSS2   -115.9459   33.5555    0.0170
OGC    -117.8440   33.7882    0.0640
OLI    -117.9237   33.9454    0.1620
OLP    -116.9302   32.6077    0.1590
PALA   -117.0318   33.3890    0.5520
PDU    -117.6381   34.1207    0.4450
PER    -117.2053   33.8616    0.4680
PFBH   -116.4594   33.6117    1.2590
PFO    -116.4594   33.6117    1.2590
PLC    -116.5119   33.8244    0.1300
PLM    -116.8627   33.3536    1.6910
PLS    -117.6091   33.7953    1.1990
PMD    -116.3777   33.6478    0.2960
POB2   -116.9238   33.6871    0.9990
PRAN   -116.5919   33.6570    1.6730
PSD    -116.5503   33.8239    0.1440
PSPR   -116.6544   33.7061    1.6170
PSR    -117.8071   34.0918    0.3050
RA01   -116.7005   33.6063    1.4670
RA02   -116.7002   33.6067    1.4700
RA03   -116.7000   33.6069    1.4710
RA04   -116.6998   33.6071    1.4730
RA05   -116.6996   33.6072    1.4750
RA06   -116.6995   33.6074    1.4770
RA07   -116.6993   33.6075    1.4790
RA08   -116.6990   33.6078    1.4820
RA09   -116.6989   33.6079    1.4830
RA10   -116.6987   33.6080    1.4850
RA11   -116.6984   33.6083    1.4890
RA12   -116.6972   33.6094    1.5020
RDM    -116.8478   33.6300    1.3650
RHC2   -118.0133   34.0010    0.3620
RHIL   -116.7713   33.6732    1.5570
RIO    -117.9796   34.1047    0.1180
RKMO   -117.6095   33.6742    0.4080
RRS    -117.3665   33.8822    0.4200
RRSP   -116.7394   33.6515    1.6100
RSB    -117.3272   33.9731    0.2970
RSS    -117.3267   33.9733    0.2980
RUS    -118.0808   34.0508    0.0700
RVR    -117.3755   33.9935    0.2660
RXH    -115.6226   33.1831   -0.0590
SAL    -115.9858   33.2801    0.0140
SAN    -117.8858   33.7043    0.0110
SBP    -117.2349   34.2324    1.8430
SBPX   -117.2348   34.2324    1.8600
SCV1   -116.4597   33.6118    1.2680
SCV2   -116.4597   33.6118    1.2680
SDD    -117.6617   33.5526    0.1200
SDG    -117.1381   32.7840    0.1010
SDR    -116.9424   32.7356    0.1130
SETM   -116.5615   33.5097    1.2160
SFTR   -116.7502   33.6410    1.2420
SGBF0  -116.5917   33.5397    1.4340
SGBFA  -116.5919   33.5395    1.4320
SGBN1  -116.5915   33.5398    1.4350
SGBN2  -116.5912   33.5399    1.4390
SGBS1  -116.5919   33.5395    1.4320
SGBS2  -116.5922   33.5394    1.4310
SGBS3  -116.5926   33.5393    1.4300
SGL    -115.7264   32.6493    0.0750
SHUM   -116.4445   33.6327    1.1950
SJR    -116.8670   33.7420    0.5560
SJU    -117.6811   33.4873   -0.0030
SLB    -115.8664   33.4852    0.0000
SLH    -116.2540   33.1927    0.2080
SLR    -116.7974   33.8336    1.5670
SMER   -117.1708   33.4577    0.3557
SMER2  -117.1708   33.4577    0.3550
SMTC   -115.7999   32.9449    0.1000
SND    -116.6129   33.5519    1.3580
SNO    -116.8078   34.0352    2.3390
SNR    -115.4360   32.8618   -0.0630
SOF    -117.5574   33.3706    0.0100
SOL    -117.2480   32.8410    0.2450
SRN    -117.7894   33.8285    0.2080
SROS   -116.5179   33.5255    1.4930
SSW    -115.6156   33.1775   -0.0640
ST2C   -116.4597   33.6118    1.2680
STG    -117.7686   33.6640    0.0490
STS2   -116.4597   33.6118    1.2680
SVD    -117.0982   34.1065    0.6050
SWS    -115.7999   32.9451    0.1400
TA2    -117.6782   34.3820    2.2490
TAB    -117.6819   34.3824    2.2740
TFRD   -116.6022   33.4948    1.0000
THM    -116.0773   33.6507    0.0600
THP    -116.3390   33.8317    0.1211
THSB   -117.2269   32.8788    0.1200
THX    -116.1640   33.6350   -0.0310
TMSP   -116.6809   33.6192    2.0770
TONN   -116.1193   33.1442    0.0536
TOP    -116.4253   33.5241    2.6110
TOR    -116.2258   33.5753    0.0040
TPFO   -116.4544   33.6060    1.2750
TR01   -116.4135   33.4229    0.7740
TR02   -116.4168   33.4183    0.7700
TR03   -116.4233   33.4095    0.7390
TR04   -116.4260   33.3988    0.7740
TRAN   -116.5834   33.4955    1.1970
TRIL   -116.4597   33.6118    1.2680
TRO    -116.4257   33.5234    2.6280
TUBB   -116.4091   33.2101    0.3940
UPL    -117.6994   34.1482    0.5160
USGCB  -116.0853   33.0300    0.1630
VCS    -118.1178   34.4837    0.9920
VET    -118.0283   34.2968    1.7570
WES    -115.7316   32.7590   -0.0080
WLT    -117.9508   34.0095    0.1070
WMC    -116.6747   33.5736    1.2710
WMD    -115.5819   33.0383   -0.0450
WRDG   -116.7270   33.7312    1.5990
WWC    -116.4088   33.9407    0.6190
WWF    -115.5789   33.2788   -0.0610
YAQ    -116.3539   33.1666    0.4300
YUH2   -115.9223   32.6475    0.1840
